78752024
109702272
63839274
246895792
59044969
48075161
48424770
101504516
165564803
67519652
230616123
50324244
93715968
60469986
69852606
82597641
74934612
89890405
71718703
61088431
38200938
52085503
105001437
64811048
92514167
52448581
78973475
87649878
57451392
63125558
84508591
58738272
57029477
72835660
58745394
48923166
84031927
235999877
41917489
228543505
48921551
74001547
94617303
46789515
74248471
40062232
107772931
77967402
46875527
51475330
69843114
82389172
56034254
84716188
58837218
46965413
49025293
45948057
42518343
42989560
42931204
54289861
54574294
55229644
54884257
53621061
85995646
56959471
55580915
45264984
116938628
69763730
76839697
49544847
50587315
84529485
90200037
270893651
75826049