224499
196858
194711
185578
214699
139962
288539
282356
149955
159857
161773
146454
190289
307691
131245
152222
150715
156789
150224
145597
135797
124884
143461
156742
235646
230278
182380
153080
171823
112930
108873
148687
177874
195859
135135
134226
3311
3182
161046
135611
131331
137998
131557
105903
170101
330611
34446
30536
31323
35937
35514
34794
36001
30536
34185
7276
8374
7320
7687
7393
8028
7480
7614
7902
7852
7560
7353
8027
7434
7868
5130
7932
8024
7743
8178
7489
8002
14927
168697
33562
11624
101660
44492
166677
168394
49220
60195
46150
39325
41491
44010
51071
19343
19741
19366
38208
39937
5517
5323
5149
5075
5596
4679
2750
2705
2580
2781
2750
2758
2701
2994
5577
6094
6087
8273
6407
6883
8454
6744
5833
4579
11488
11675
11550
11526
11657
11442
11703
11444
11484
9762
12704
14104
15111
10735
10723
10707
10649
10976
11014
10940
10962
10839
11141
10943
10871
10862
12301
12573
27608
31028
29355
27317
31357
28586
27657
15462
17052
15894
15696
15882
15140
15140
15225
14886
11120
11271
11161
11123
11131
11932
14900
13720
8295
12965
8482
9189
9256
8359
9474
9181
10359
9623
7462
8805
8507
8448
5894
8323
8332
5833
6296
3811
8406
8088
8557
8785
3392
2428
5188
4788
9392
8419
8507
8952
7489
2630
5779
7437
7683
4003
4266
4054
3466
3569
3588
3573
4276
5964
5666
5987
5853
3684
3762
7339
7414
7399
7478
7835
8201
7212
9185
4437
4132
4789
4701
4733
4776
6331
6035
6211
6318
6362
15480
19296
8855
8741
8533
8478
8394
7555
7015
6227
6151
6955
6656
7059
6435
5966
5845
5823
9992
9532
9584
9465
9455
10080
9515
9445
10326
9924
9640
9890
9741
9585
9704
9588
9596
9494
9475
9835
9591
6424
6618
6357
6355
6395
6383
185683
34659
167560
32172
42935
43785
8424
8405
8336
8660
336
1801
8363
4279
4297
4258
4247
1682
5270
172764
5908
5283
11940
10787
4148
2319
4029
3027
209771
184439
15600
9650
9871
315
15191
10820
1239
360
360
254
371
359
302
337
329
247
356
284
295
370
366
315
256
15048
35938
132959
123500
28033
3027
7348
4801
232392
15428
6495
2766
6128
42972
198050
205719
217124
6099
228089
6277
4647
10038
6311
1168
359
132239
168402
7161
4986
14627
30741
12308
12173
10682
4041
8512
9682
9384
9779
10081
4449
6507
40003
52297
8832
159378
162114
12807
9100
9624
10423
9644
4009
233501
119451
10376
9355
9343
8855
7442
7398
5850
9709
9570
77672
38347
147346
138390
124784
164270
130608
110907
8607
34094
3323
10266
4789
6524
6366
12226
7351
7599
3923
37976
37667
9332
8174
8284
168401
176677
4564
102653
7732
6539
246
49433
159160
11826
15702
6039
137969
5132
335593
130202
8159
15717
5106
34064
34246
32939
13373
12016
11976
134721
10182
6376
38880
5241
4763
149332
12708
4184
27302
134617
10673
10269
10688
9711
4326
12734
12507
40834
38867
7841
7100
7184
7313
9848
9535
4082
10818
9608
9540
9463
9646
10142
9628
4615
9672
7367
7383
10538
9612
33350
10874
10793
359853
7208
11824
2741
8135
4415
3662
5179
32621
171096
9711
60588
11965
133894
368683
8287
139342
5076
363
4726
3080
28475
10798
5230
32690
10155
7782
8828
39472
3699
33501
7376
4201
4019
8638
37031
7876
221454
18659
11616
11381
2861
49534
219474
226205
163025
11003
164018
130759
11832
43411
178733
6311
3879
9711
42259
7261
2753
3911
11700
370
2746
9782
1356
9392
12513
148371
37074
17919
7761
5205
6509
104710
2561
153962
11966
11930
4767
129052
5284
2652
56506
11597
11411
11688
11877
131204
14042
7206
10755
6366
3803
11391
11344
11530
11385
10429
245717
9599
16494
7388
9264
10116
10510
10173
10140
11066
10254
10941
10943
10990
10857
10173
10206
10182
10125
10600
10815
10284
10251
10173
10215
10723
10690
10173
10794
10242
10290
10293
10794
8797
10131
8372
5723
41475
167435
10011
163005
33090
8127
2762
2835
4193
205791
399
3179
9524
3725
7434
165179
13830
6340
22947
118584
7003
6223
6181
6364
13384
41401
5941
5028
220222
6673
45606
10000
306
5163
5202
6337
120420
4936
131160
244834
9311
15644
5533
26111
4014
86155
1993
152710
2735
30620
11900
360
230138
134896
138199
9760
151601
131526
9275
7241
4642
7879
236120
8651
141859
2744
11919
127732
4718
6607
108409
6625
220859
1768
2737
9538
2599
2474
2343
52797
8832
3024
11822
4529
9621
5669
17904
8550
9491
127615
305119
2593
6825
204237
4302
2912
5899
2608
7518
26662
2755
26253
1379
274793
5454
100999
44929
6643
1432
127011
103531
2828
360
46900
8657
132978
156878
9010
11550
7564
6863
42575
8612
158091
8249
7560
4563
149696
9799
7767
34794
12035
252940
39600
30024
6513
127320
4113
86462
6514
6614
6185
6450
9999
9346
156922
6099
36798
33034
33034
29576
58498
3157
9591
9491
247511
7117
12602
4212
2741
16698
40248
8017
7654
7567
129492
2773
5078
2037
6062
893
8784
6891
7965
7965
14462
16067
8224
2766
45636
8747
8432
6827
145289
134431
9965
34125
34446
35937
34185
30944
35994
34214
35083
33213
31743
32621
31301
108252
5776
5641
8018
144575
8517
1758
4981
1351
120023
140122
9751
73623
4094
8995
137090
7413
7389
7440
7390
7890
40190
40881
38384
1114
10205
1952
8550
4594
180421
1821
8289
36466
6562
10035
4114
7152
131405
7352
129908
8106
8451
248526
35538
41834
36949
38439
5133
15516
8427
133719
15045
4268
826
38297
5358
5722
9324
7659
8041
32308
35450
34692
119343
9518
5380
9745
222832
9687
9650
8539
126629
10053
15522
13350
2386
2748
10814
8041
4431
119082
9472
156344
3892
3883
3865
3904
9730
6056
16527
8146
9917
8072
58072
1351
1356
1307
741
125171
99657
9476
4844
37618
8303
2754
5610
5276
7590
2632
46339
45781
43810
147609
43106
31007
6966
7559
36519
8253
40149
40900
212482
7458
9283
57416
5307
111362
295146
6834
2743
5002
2757
13071
407339
6882
7988
4152
7781
6034
5990
5759
5234
1347
2734
6485
7768
5698
1353
18959
18891
18875
18935
2766
2728
2514
1364
9878
9899
127941
2746
241087
12273
5804
43804
45667
45063
44055
33507
371
1104
369
836
322
2668
2661
1165
457
618
248
301
364
5920
9663
119217
324
717
4253
5706
393
6621
9028
8918
7857
8374
220
13188
12875
377
1118
388
1374
2739
230
366
57930
3644
4193
300
8744
5207
2622
7729
37359
316674
10140
7836
35524
40014
2844
2617
2891
497
11070
4048
2755
13104
13209
12957
13106
36596
9695
2749
4721
4393
137452
13807
18227
42519
158482
9544
84264
8101
2572
10207
3919
6730
15192
67480
156102
70797
12002
43198
155631
2757
155060
155122
4731
4772
2745
5256
129593
9812
13782
4975
7461
2750
11918
1181549
5470
68999
6155
30961
27453
30778
30674
7916
6528
39672
8739
2632
16404
16934
5784
1349
11375
4086
333
11097
1354
4694
2782
2749
5335
1424
1354
667
2759
41391
1348
1344
1356
9611
12823
2768
2748
2734
2787
2744
2764
2761
2748
2714
2731
2754
2728
2804
2765
2753
2603
2761
2760
2767
2761
2748
2754
2756
7542
113220
5685
2773
44082
2739
37555
29751
6303
5662
6449
4421
2751
2738
43033
872
2763
10112
1996
2411
6431
7458
1342
20869
14935
28301
11903
196280
11135
7448
148803
2606
9394
1369
2784
16650
57455
7453
15465
14796
9149
7355
7118
7438
17385
81755
11980
12278
459984
4432
6633
6624
6653
27595
31106
9792
9073
51601
4744
4693
186250
16473
1988
3051
3018
51277
39853
2796
2786
2773
1350
186262
39786
207439
112536
131995
7527
7562
140131
2752
9104
1360
8759
7954
106332
5310
2689
2690
131855
252401
178249
2672
2706
2765
17663
2746
2763
2779
28337
4767
14885
9973
43783
128413
5359
2742
131217
4857
211215
2896
27553
1339
58638
47399
2587
5129
12133
18855
4682
9448
8226
101487
4172
647
75294
6519
2249
2635
11088
29926
2747
2751
7476
7429
1346
10154
7428
5039
7107
1358
1379
20933
8101
170523
40793
9499
8026
41092
36012
3683
2744
2735
615
781
355
9723
27754
2740
15450
5914
1032
1209
2768
8380
1348
166259
4652
1346
2751
1355
14844
102759
114825
140913
123876
161734
141291
7494
142096
24655
2761
2746
37966
34450
17635
13883
7374
6820
6285
6206
6154
6151
5866
8170
4530
1380
62730
1354
7009
7118
291144
290304
8791
11440
38694
14954
15024
15442
15867
11434
11156
13298
13205
11450
10863
11220
65839
149622
18199
41318
43155
9557
172963
288047
9544
18954
55770
10851
1991
8587
2758
1347
20192
9553
1355
30889
2760
17481
6350
739
5900
198157
174059
7263
7389
8404
1323
895
2745
5097
41941
39503
42653
48172
35822
38124
262391
46643
7454
134394
11494
9656
153158
6582
7919
7906
7857
7855
7961
7723
7856
7989
8033
7610
7746
2761
7815
7722
6907
6279
2778
39896
8500
188534
6927
7860
7326
2757
1365
2745
13111
6068
6071
6039
6068
6065
6051
5538
6259
7263
7542
1354
7313
39867
10035
156487
11034
2747
19212
10046
4642
309286
39104
39704
196456
191100
1898
198533
37974
39577
36895
38179
39199
42999
49639
66015
37253
43016
3147
2572
2332
44856
10305
12426
2063
5079
5278
11563
9362
9409
9654
3962
3811
3166
14714
9456
12333
12298
124121
8877
7801
44857
2728
1354
2621
7687
7568
13936
13952
108592
38239
7286
34683
7674
142633
1331
2745
13696
8281
415
6375
6794
38564
7970
9575
38194
2768
31147
822
52162
9804
153766
70654
68427
64494
64787
69059
67188
78296
11545
8433
29739
150773
149599
1385
2728
1357
2752
2767
1350
3983
60238
190032
2784
8386
14717
10951
11528
10941
13593
10971
10853
11457
10968
344691
7531
16968
44945
46198
177300
5109
9004
6662
5486
70579
43200
41593
6958
44061
6485
231801
7310
2761
2757
2753
2745
2751
2751
10837
11064
1371
2845
6858
7522
2762
1358
28326
9816
8431
2762
38092
212633
9836
137947
17039
321240
2035
1962
9689
9659
2744
2792
1355
6381
12337
40539
8727
26660
9630
152372
2756
2605
2752
9682
1367
1346
2747
12656
36019
35685
9595
47021
42271
1346
1337
2745
45445
9649
7120
2758
2753
2724
9660
9489
9500
38528
45051
42572
42749
42665
5261
6395
2742
18098
1356
3431
47342
10282
41468
38964
40155
120108
96944
9741
9502
8115
42480
1336
2759
2756
8590
1361
1370
2760
10180
8305
2753
2756
52414
23814
32847
9236
8926
2769
2781
2755
2756
2745
2764
10950
58692
5229
5193
142072
7295
9741
182284
171719
2804
174079
190789
191195
176428
47055
45890
174285
8256
4293
6985
42232
47785
42973
179563
175230
176184
232878
182180
47536
47741
183806
181044
7260
46365
7212
1372
1378
1358
1340
1342
1356
1346
1344
148482
40863
164270
52975
5075
2755
10731
1346
157498
473558
186217
7870
5816
9505
218948
15135
15330
9698
5018
294
1783
9636
7582
45218
58663
2584
5077
7099
7742
62337
37313
8032
17938
12926
9005
5674
6718
4230
5808
55597
9058
42954
8412
1012
7295
4198
53746
8913
396
124049
42925
37151
45625
43548
7020
7498
10755
1361
9870
4139
1339
13100
6068
169794
7536
13170
12536
156179
74611
73325
34952
5387
33507
5105
5114
42961
2746
39989
9431
2740
1338
2725
10864
7277
2803
31250
18762
46872
29074
29017
2723
2750
2761
35555
142925
2737
2740
1355
1343
2740
5486
6714
41172
7713
8463
9742
9842
145542
7564
1377
2747
1196
2767
2736
8929
6434
124279
4547
38457
7802
356
38815
2634
39816
39252
38841
41181
38677
3971
2687
2664
2645
177211
179063
182801
178807
28096
39136
1384
65764
44080
51621
107772
38753
111724
69904
70110
2743
18343
68090
155372
164602
153894
154017
154906
50861
6290
6704
205896
2794
9227
64427
66530
4981
292
2767
43079
47453
7556
194454
49487
7510
37635
84576
35638
64807
64618
62668
1353
68952
62147
5081
54896
37456
7149
18940
148634
7899
6171
8210
2740
1362
748
745
5673
26487
26552
26396
57611
138234
135982
107218
33277
30570
40287
10113
7137
348
2814
1898
2752
1349
166418
171451
88487
7422
10937
2755
9548
38934
4009
2774
66235
88322
66390
152778
34302
7205
1358
8222
2751
9540
8604
15276
40975
8183
2757
3437
69378
8542
4806
8208
274
2886
2771
2784
46997
2759
2759
7722
7148
43152
6506
10733
10411
42612
7048
2751
7344
1389
158006
5242
2754
126965
1337
60074
43931
11980
6842
2162
2819
1803
2072
2782
2160
2757
1739
1833
1815
2743
191761
10865
2609
31276
38497
11752
11631
170605
6586
5843
37184
7961
44492
306862
10320
2753
41441
342
34920
7982
2780
2807
7812
2791
74901
72544
1370
1315
16354
107530
2740
1369
1358
14319
42822
6780
67774
155445
68016
2166
2748
157486
37235
28625
2659
1331
12390
1364
8662
12625
12676
10122
40761
39270
41666
1363
36674
6463
2744
7586
45169
39188
7637
10865
38764
36270
39576
37856
43809
41119
4666
4674
9035
2748
14214
16614
2740
3966
1387
9905
2591
6534
6119
6581
2744
43970
11806
91715
4145
181187
58652
3852
3322
3748
3690
3229
3705
3736
3790
3064
3770
3193
3759
3312
3899
3787
3818
3249
3313
3808
3234
3153
3847
3301
3246
3763
3798
3729
3629
3676
2856
2765
2897
2785
2908
2897
2952
2910
2915
3245
3253
2199
3371
3718
2064
2797
2878
2872
174307
9098
2824
6517
6722
41526
59231
78064
76797
75772
617453
9670
43144
15684
17602
24186
2823
2808
1337
27165
28203
28773
29114
30286
30482
31686
368454
31616
184409
11019
330
6096
43587
41632
42292
42765
11526
172253
151483
81184
5278
169285
53137
7596
7635
7348
5905
174436
165540
8082
53332
15131
1347
1377
1366
1354
2763
2641
40986
1372
5112
9718
5257
1767
8126
4286
4642
4615
31218
1416
36892
2759
7829
1723
1780
1740
1759
1750
1794
1795
1867
1356
1356
1383
1392
1398
1401
1935
1699
93198
29508
7878
12045
4926
4952
7181
37068
1364
49335
66275
72332
33004
16622
198013
171407
171797
45728
44892
208007
40931
56958
40929
74485
40803
46917
47624
47552
76802
37644
39573
40231
129155
44147
186468
39784
40695
37328
38987
76718
76705
38374
126434
5444
48211
205622
69420
45871
46237
171216
44557
79114
26407
1305
93017
14512
7433
2895
361
1370
7737
1957
139806
164093
169947
2768
167716
22743
17666
7510
64144
45480
36953
41518
156897
13203
104936
28941
3762
180800
1844
5153
9750
8334
6085
15888
15432
15234
301
127065
2630
2639
2666
2615
2566
2981
9908
5232
7951
8086
15456
37664
29276
4944
10773
14053
10969
10977
10821
12432
38368
6856
175430
171211
4225
59199
8035
7641
7678
3065
42461
42481
32965
2741
2740
1349
2785
41809
30651
3427
45413
6965
163875
225268
198519
184095
194022
44546
2748
5421
114768
2740
2747
1371
47325
2582
2605
145964
7908
2762
7686
27318
45159
45730
40658
38834
38327
180977
2707
1379
36661
49576
1385
2739
1373
1352
2723
2738
2724
1354
47142
2733
11478
31967
30332
7182
7125
7309
6244
37236
40555
32317
2754
2792
2764
1259
6688
4786
40411
2736
5514
1360
7632
7259
7346
7227
7184
7342
45554
47279
84565
222006
74704
5475
156628
1367
4587
5303
5300
7801
38616
1388
2600
34117
15462
192497
53102
37378
37324
7723
185139
10820
7259
7219
35203
10436
12639
12580
2797
65955
8089
7866
11492
49329
11190
16883
59230
2762
1353
5196
15602
7582
2799
143986
9760
40048
38997
59080
1838
1838
1751
1703
1760
1760
40973
31709
3956
43032
5026
3929
218041
2750
1437
1360
43015
2860
1395
9720
3893
9070
41882
142072
28765
29564
42606
41726
55282
148612
2740
30505
125956
49675
39162
43984
9075
45530
61440
49219
88097
39012
47611
10791
39562
8008
7596
2164
6944
2782
95299
36838
35499
8837
2777
7679
7906
2765
309208
7584
14494
2782
346754
2788
2754
1362
2739
7412
2383
12790
12486
2633
165919
8126
7491
6942
7711
127188
142563
4944
18168
6277
7408
7769
7519
7458
7401
7532
7310
178563
6317
6300
6301
6253
5819
12233
6423
6175
10303
138339
243050
2689
41090
6791
38049
13769
2626
53278
46450
7140
83724
75973
52298
59646
153401
70428
65100
68293
47780
71547
68346
71092
11367
2547
2238
2212
69118
75933
1375
1333
59315
59794
7589
3480
8197
2782
40940
139738
132123
5898
5911
9691
20128
38329
38309
7718
4926
9417
11135
119054
8410
5666
2744
176495
47180
9508
1376
166687
7753
40758
39282
84694
74669
56621
7259
68720
155286
106327
72917
166452
3218
166499
89916
7326
43036
51308
139089
7197
7293
7319
7236
7341
7271
76260
35725
53526
53169
50844
11900
9655
9842
2816
58619
4395
5263
5439
7704
6543
8198
2220
157568
153882
70506
48984
10438
6964
7753
7693
7749
38202
175699
2752
53253
45580
39422
2984
42594
155586
176043
172879
4152
9626
157950
7048
7784
6495
5278
5177
59672
51083
52481
5194
3634
7873
7774
160221
80228
154573
156646
9565
68494
68711
69409
52288
64613
67949
68839
68311
69641
8159
2617
39646
240413
3305
4441
37840
8315
6500
1259197
5249
40058
74431
8344
47159
39283
7103
6318
6639
9840
10220
3912
2904
2833
7391
157785
65766
46140
51342
49330
39474
46586
14270
44077
10347
1364
15378
7488
52869
46271
2459
43221
21592
142349
19152
42784
42932
12917
6506
36711
76107
44401
44784
60523
284757
38684
10158
5426
1966
41938
162598
156176
154371
40128
2600
43551
45354
48454
44485
18919
2218
3048
6514
1168989
2618
231621
2675
2660
2656
49135
174413
49797
159071
49981
9543
2762
60714
40489
136947
5065
4595
5076
13459
42832
58065
41148
38253
8112
2513
2445
4138
2544
8210
93839
158305
172474
6707
2012
2039
41572
162596
147940
358663
76631
178193
43731
46054
167396
42608
42966
42844
6838
7855
44714
40917
40071
345809
47595
43804
47355
61164
43741
40710
45366
39026
47090
41528
47288
42780
37595
44375
44510
41567
38759
45805
44120
39578
40029
11158
57198
5329
6310
689
677
685
686
687
22786
8785
60894
111506
60496
219372
7288
42544
30578
26836
7245
10656
8770
8549
9694
8121
6617
24893
11397
13294
66116
11245
26223
26689
26077
25425
26083
26041
26227
31100
1372
7353
41164
36847
33594
280538
76350
26201
69391
51094
50332
49390
17972
3765
151924
149273
18397
17972
18078
2557
42391
7611
7891
7467
7256
7519
2359
47252
5275
4655
4619
11902
39974
38682
35700
35652
1670
39783
49116
12654
33525
53684
45552
43786
133057
6298
16050
9136
9537
10050
2776
7656
8176
53996
167292
1764
38275
67150
64756
65132
42215
72394
72098
133048
135764
135281
29742
2783
5331
52474
1335
57899
59878
43225
10057
1352
44988
31766
51440
8513
6677
37714
38288
8601
103299
9124
2882
43788
7696
46387
33609
14072
14817
42963
2598
1292
43376
43871
41992
2063
45242
41392
158621
145647
141018
148481
148243
147590
148564
223989
42652
17187
7531
8468
5038
7339
1760
7286
2806
2816
7948
87603
38889
160646
161978
2753
9868
9847
2771
8970
1262
133798
1379
3640
4927
26449
58550
231743
61167
66854
166783
157308
50255
37612
159624
147745
158099
149844
48396
31674
40192
122024
40923
42633
72321
36566
3562
3523
42085
122696
168809
42406
167063
17798
130540
26215
5403
58305
51160
41546
162327
43305
43827
9266
13467
7475
279967
221828
218929
1345
11931
2781
9314
7531
2034
6555
50552
44400
5012
2140
2771
5016
9512
43444
46486
53018
53721
43619
45962
115042
5053
18162
7551
7757
4696
45364
163424
37095
36947
37740
36429
2818
8966
2723
1316
38389
42874
39552
80617
67170
64900
56224
58326
57849
55023
8228
6945
9501
15444
2806
2383
30910
133572
147737
41351
78751
86231
43216
29214
29729
29574
29371
29202
29506
29505
29612
29348
29516
29516
92777
1478
1362
11634
7583
7802
42313
2762
692
44030
2067
1915
1831
1741
1896
1711
1742
1784
2208
2236
2225
4472
7551
7554
7519
7619
58104
3405
29511
29443
29514
29377
29467
29140
29266
29200
29464
134643
131332
45517
42689
42185
48814
6471
5273
5013
5189
5087
5159
5148
5140
5067
7826
77448
169158
1360
20307
37282
38513
141836
72570
137031
50348
9796
6673
6347
6705
6610
6440
2899
2788
211518
28494
5805
129528
8328
43665
10280
10370
41549
4909
53028
27431
199721
7382
1317
6518
6124
6956
7001
1016844
7329
1350
2650
12154
1350
1118
10804
6460
1335
11487
70912
14852
14444
1378
15624
15504
202949
140903
157834
42957
26752
25865
28193
28427
28022
25740
28015
26769
28336
68527
102319
32189
45942
32337
31090
28674
29631
32382
246964
30111
42746
41796
28434
2676
2664
2690
2649
37375
10967
6532
8749
1021348
12077
12403
13155
11211
15721
13695
10991
13784
11156
11355
14932
11422
13141
12240
14478
11906
11169
1346
43017
43895
46547
43458
348113
103257
54291
102105
143855
49107
52643
35722
4899
4776
45572
159590
342
194437
197450
43564
41386
2617
2744
7521
8879
7048
2308
2087
28072
35430
42724
69278
68964
147284
34892
39921
42084
13023
190054
10878
5064
5181
11082
11096
30692
5836
2517
46318
7373
282895
228750
281182
1359
7537
5278
6226
2351
46048
41491
68355
82008
137918
138877
54312
54312
45552
45798
2743
1390
2692
34391
14847
103910
4590
18081
5983
197693
204815
10095
2572
2789
2716
5033
2761
39108
47724
2745
10479
11197
176227
111953
168041
135454
8857
14409
168876
42906
43301
61818
27190
5142
2629
2602
8397
8251
7212
7233
7238
43882
358
17602
11279
9499
43378
9224
46978
80955
53369
53359
43153
51252
51552
51077
154872
75736
47109
68598
52617
59626
50679
52057
74711
49894
56279
149162
182145
157482
76479
156558
76179
64746
46639
51214
39981
136910
88135
88255
93147
11703
6453
57447
75994
145343
34844
39148
72534
38776
53664
39189
71443
72961
6478
100418
28760
145865
72369
2539
4619
2739
2744
176688
204633
5203
2113
9739
7632
7397
7351
7989
6888
45477
20795
2742
258139
7958
7991
30119
19527
1224
2754
2669
7583
41294
7497
43447
59179
108297
154434
109960
8555
2619
87712
139928
189311
170438
50690
72108
55213
54314
58043
57155
52102
76050
53701
70120
48229
70838
69815
74533
76129
3780
34145
1060
7069
149459
7315
10692
1832
10985
10600
2526
151109
7648
42902
11124
1856
92495
1908524
2473870
7299
48775
57081
167785
8576
38099
7435
4195
10770
2925
8021
7219
10471
70236
69309
52282
50854
53636
76586
194701
77367
41268
45035
37211
37730
35330
38772
155997
169223
41750
33628
39940
2739
140633
2200
7267
5749
1955
3206
18643
163019
5552
2825
53588
70115
70657
76483
52519
28035
14027
2760
1365
41757
30148
4129
3107
2804
6795
2229
2159
2122
2175
2174
2130
74210
75894
76217
138658
36838
71778
167318
148567
52344
52873
50755
52823
52122
45532
41291
43017
4733
6398
2775
48800
2834
5084
7066
71248
1358
7539
7616
5722
55098
36969
33996
44459
9101
5492
7838
7746
41604
16146
218339
44578
43394
9952
4945
40739
77792
165238
146193
156648
39874
39844
80382
164297
81656
56789
156338
154701
10346
45696
1369
1389
39758
39860
7647
17486
11139
42940
43686
38966
9271
54279
17276
7801
128546
9359
5280
40931
109558
71629
77837
37372
62466
68262
41510
43869
43940
55601
56147
2020
2282
72329
43766
41687
7807
6379
46847
46440
45746
60875
38269
9355
9321
127879
7408
40471
5479
1359
8648
1777
7228
1378
4464
380011
14581
412
8431
11840
7961
8047
8155
15923
2169
2149
4913
1348
2749
1391
11120
45344
52974
75568
271084
51236
47162
170286
68196
52390
70841
51319
76323
37129
169148
2778
42409
4194
2753
40692
46243
43454
9554
9160
8082
42542
92417
166977
144144
7226
7203
6996
46145
2563
2815
4483
10009
6233
76184
33596
53159
7697
346602
11624
1030
1021
1000
1001
995
8176
32000
10365
51250
51797
42240
69099
57775
50781
51366
151417
151419
42597
54791
159914
108483
139020
162910
38392
39360
39965
45550
142094
41871
610033
99915
33828
15480
8305
2419
122522
1002
1004
1015
1007
17869
2668
2259
2398
2249
2121
1960
1700
2253
1628
1722
9525
1365
173276
39207
39651
1007
1022
1009
1000
10688
9023
1291
1022
1017
43050
59254
56024
61035
69030
67383
51781
68735
66316
53396
52136
67744
53124
44306
52963
39078
98287
46739
72583
152460
55726
41156
135279
135831
43767
66676
133824
139004
43510
49640
40161
11176
2193
7435
8460
10176
5075
2797
41529
1344
64113
5813
5961
7325
71565
70667
71058
8132
7668
7574
8249
41941
10929
42764
42093
163023
53255
8659
56702
15088
1370
1375
5006
6988
65243
7228
7324
6835
8194
6148
82438
18406
370920
2980
3062
1753
6286
43056
72028
1379
2858
54452
53513
54173
55584
7650
75028
155346
9560
7314
11876
7637
44541
167266
13534
99730
42654
37380
8398
44360
19917
8976
41941
7204
10002
2757
10891
5327
68807
132541
136589
136468
138036
131952
18899
42392
51378
50101
57315
40286
68386
90460
62661
55307
160541
159656
158100
159837
158750
162816
9910
2589
2235
2766
2831
9578
7443
11056
2735
2830
172688
179110
189418
228143
174885
190768
192108
18569
8013
2530
168470
47112
19199
5193
5108
19509
8768
6386
145519
39093
40592
45403
29741
50610
159492
42600
62699
54506
2753
1421182
93794
10021
41569
32975
32799
29616
40472
51090
29503
29496
29423
29412
29264
29377
29421
29491
29454
29261
29751
29394
29255
29422
29003
29494
29438
29511
29511
29247
29264
29327
29428
29264
29806
29323
29442
12276
12265
6688
5534
27935
27783
27608
26975
6158
47800
144898
15541
2741
2750
41931
43098
44844
53744
7679
7424
1353
1374
648
1865
57253
1406
1375
1350
29642
28763
25995
88531
168733
160570
3368
3377
3149
204054
45648
11141
6916
8931
5196
5104
5413
5268
7178
3776
4176
6321
6310
3909
3873
8242
4928
2781
2803
2235
2572
13954
2152
2121
2259
5770
9562
6577
5049
2777
2246
2336
1805
3533
2531
2112
1899
2115
2243
2147
2277
2273
2237
2193
2249
77327
43748
43734
1710
4379
10044
2089
2614
3120
2698
2026
2549
1901
2911
6530
32651
54295
8842
9760
38742
50827
141907
2836
140807
42092
53636
160281
63334
68472
38810
54986
60285
109871
44332
36844
50882
120938
52647
9524
178171
43227
86252
49717
50768
44716
57052
30862
31945
156446
45718
119638
50440
15618
7745
7551
7543
40002
2744
7443
73008
1773
3415
6002
8287
7310
7167
9564
196691
1387
2914
2855
34773
37359
40981
59419
60727
28921
28527
38646
43129
11072
687
43745
6598
4236
521
56637
164302
161239
39639
40214
87999
170341
68365
56776
41880
10192
31491
9136
134927
61511
134369
58472
109801
169062
42351
59578
68871
84583
197361
44366
2231
52155
39696
43602
60606
52437
17641
17656
2367
5755
1359
9443
14927
14851
145704
5991
7998
2735
5322
2439
859
8902
8914
8915
8901
93848
86246
43639
56537
45808
66299
42750
58139
66181
37238
16133
164999
52530
58985
5145
12162
9863
74806
15522
53042
348532
43865
59601
43680
53184
88403
57328
133531
29767
24837
23193
39530
39725
41480
43642
45169
52967
60609
130008
4424
98170
32661
9165
369360
7661
5654
2714
4861
3149
8976
8568
7496
10023
12983
39167
2414
2423
135952
73882
2387
162160
7018
8489
5986
2923
7037
2223
10761
170141
6006
10889
33756
71200
73050
44613
110764
108418
47020
38243
35703
42158
36712
46895
47020
38243
37146
87510
170473
170336
170822
171541
31703
49577
51492
61251
46869
58211
55832
106071
58546
35814
39873
8952
2547
8628
8607
8613
8612
8540
7106
11833
11214
11284
2739
1755
1790
7369
50109
142348
140961
141298
120098
87709
50078
35764
48594
36745
52139
33755
40829
40477
48666
11681
11519
8712
1761
1757
1764
2948
10795
5820
5085
2731
7093
139981
31735
148981
50918
5076
10290
3246
4844
7213
41560
41507
32846
49316
33274
44461
52261
13434
223932
178262
171045
171454
39133
30664
4882
4893
2199
162101
36595
45626
52927
66708
116138
188632
49714
48216
81541
35644
37246
44952
37990
41152
43724
2776
2542
2238
2806
2751
31249
115154
4988
38392
40759
9816
2234
1605
2042
2077
2290
2478
2089
2906
2861
2309
2605
3588
3348
2638
2496
4037
2741
4202
2711
2846
2220
2472
2254
2155
1989
1914
1712
1991
1760
2203
2016
2029
1919
1890
1740
2609
1639
2046
2609
2942
2445
1931
1040
967
1132
139132
125767
1789
8531
1169
2460
40000
38731
65994
147589
77266
4083
2661
7687
7593
77315
69855
7382
5168
5358
46375
104906
9531
2243109
124335
5371
5019
5187
5058
62738
7253
11843
11183
10877
9527
13169
9924
12930
12978
13732
12291
15462
10925
6275
8683
10815
10017
10787
13408
11280
9591
12860
7202
12247
12651
14731
13490
12734
14191
11165
11541
11103
11370
12004
13706
10306
11395
12774
10833
2746
177643
5187
3141
3753
5704
1374
6083
38625
45045
59670
49462
140218
140906
80148
80798
43809
43595
60747
60754
59802
248088
41843
1759
41868
27004
2934
8376
1763
1981
2307
2161
2212
2255
2817
1990
1741
2784
1865
2537
1769
2109
1942
2007
2142
2456
2632
2422
1825
2656
1835
2434
2096
1976
2184
1806
3612
3907
3812
7796
7609
11230
12020
13070
13189
11216
11290
10485
57061
69844
70774
75167
76276
75987
43505
47636
5040
5019
4956
5075
5046
5039
44846
47575
3442
9617
40525
3774
3621
2497
2922
2768
8543
2952
20261
2756
2737
8850
5132
2085
2112
2089
2189
2251
2123
7641
149218
56528
57168
72192
43190
36499
87372
42881
43228
44573
161989
37995
55560
44249
55990
45653
37994
41149
36315
32894
36051
31522
76964
76269
76268
31033
32150
28811
31375
31379
29026
31495
28785
32270
30811
31901
30882
31181
28983
32682
30116
28349
7441
72979
94555
130952
45673
66103
42508
72378
66111
31848
8003
6334
1982
42887
42593
157977
38663
41486
683
532
38261
103424
77779
83324
73419
53387
72139
49203
44576
45161
70270
53455
44492
75796
61081
41805
41698
38084
48689
49847
31075
41170
188427
206713
49037
111325
114855
29733
41338
40740
33509
33509
35203
49979
41207
45537
17562
17727
56982
67617
56212
7143
32675
29237
7227
170020
167318
166514
168496
8865
9108
9786
152388
45633
16080
159514
29249
29347
29254
29338
55391
60216
156833
131903
170770
50934
168758
223083
28876
29339
29461
29517
29726
29506
29324
29347
29594
29440
29330
29463
168771
103737
135400
4623
5001
4609
4451
4815
4501
4656
4671
4366
4949
4552
4624
4654
4686
4631
4424
4199
4453
15478
8496
8087
63569
61292
7769
9246
5181
6327
56826
14334
44496
44194
36065
35985
39210
8887
196300
182309
193301
62220
72825
8255
33399
351
226084
4590
2218
2903
2952
7025
41054
7759
2197
1843
5051
2109
170527
52392
141028
49158
49452
139750
68227
177688
58338
50113
50165
44222
66158
41449
80647
168689
34997
62851
52643
59416
67277
51355
68367
58671
40024
80297
85138
172733
90000
135391
176081
176055
48754
98392
9855
132831
105555
4851
5184
5016
3811
2356
2506
2744
651523
73420
7176
6974
6796
4026
4911
4982
4979
5252
4939
5327
4660
4844
5082
5160
5941
4671
12940
6635
5907
5909
11413
4586
7596
10308
75339
72790
5318
5068
241564
6258
6169
7291
63513
175814
149732
5228
44539
7273
1217
1693
1123
1131
1082
838
1045
1113
1096
1182
1137
2862
1915
2198
1898
1587
4301
1963
1888
2678
1821
1931
2301
1632
1762
1660
1775
1627
1776
2259
2256
6380
4282
4441
3003
3124
2546
2191
2164
3481
2023
1677
3531
3208
1709
2746
3091
3049
2999
3910
2903
1912
2732
2039
2927
2987
1802
2175
2939
2304
2205
1932
22780
9829
222888
11276
49949
49562
50773
50727
162252
162486
10119
3542
50418
29605
43150
60934
10870
126341
52955
134270
15395
1901
1826
2469
1241
1876
2061
1799
1635
1999
1063
2291
2237
2167
2305
1894
2293
1895
2257
2292
1815
1240
1600
71214
57293
59652
47618
166313
15524
49421
24847
53219
51409
43012
40570
52357
167431
43872
59052
153714
75816
55094
57766
75626
55617
2152
27395
40491
4468
4273
49879
40114
43963
41563
40938
44974
178182
41105
41887
42927
34563
41807
40498
41063
42186
37395
33181
33477
52055
89596
51161
33900
46596
75586
52088
8881
9538
1353
1353
1381
1358
17738
9707
6356
7476
10938
2188
10893
9639
14729
8105
2794
41620
19604
4781
4178
4784
5056
5007
4942
5997
34080
4020
8910
8908
8930
8957
8914
9006
35159
93879
93464
154158
42265
54439
53141
50614
51543
62181
46877
36733
34239
34593
76271
58065
90743
88698
142987
61235
167298
136896
167467
167298
43900
167124
167467
360610
11649
3674
111751
5206
9867
3956
40466
40242
98765
127726
40670
22613
28489
29763
19351
64323
51711
40860
34783
1767
18609
15728
50515
47319
41243
94109
39235
41960
40448
31314
1705
1367
11139
328
434
5032
5024
15247
2754
39474
38751
34155
39399
34176
56275
56669
88308
2759
731
39593
2568
18697
16248
26315
22879
16053
21414
18554
19537
9653
23676
21779
24521
20433
29407
44203
42167
58000
18655
38886
41098
18838
7409
7138
111248
63560
32637
1386
1723
5181
7272
165213
51637
56451
60919
41149
4281
40470
79099
6139
3747
1813
6733
11504
4765
7707
5221
5851
11343
9632
4742
11877
6393
5163
4634
5100
5713
28111
8506
7270
6656
2965
7417
8919
41310
5726
10316
7925
50298
49628
59173
43075
58159
58353
42601
44389
58279
43336
46723
44183
43707
60005
51027
43374
42830
59807
50909
67592
44371
37809
49419
70265
93191
2742
14243
38975
44862
12193
9590
9130
5071
15078
165868
7773
11907
5003
49033
36938
36629
53182
45417
50183
90552
92816
93754
139100
1846
1853
1722
1714
1210
1223
1210
6421
2822
7062
9581
52129
43851
44262
50509
43036
186713
167619
38979
8178
5212
37556
38073
29581
37545
1051
2320
3124
2103
2433
2187
1864
2985
2533
2522
3021
2651
1828
1173
2854
2029
1784
2369
221908
44885
157501
53411
43293
46575
88994
61580
62822
9896
2202
20398
19867
9868
1923
1916
1838
2233
2191
2310
2250
2220
2217
138081
58951
51290
58871
58560
59443
43267
70812
6038
13062
13885
12583
13559
11798
11713
6339
8696
7348
8660
7897
7047
6360
8187
77832
52428
39434
39158
39444
39274
17714
10203
161552
162375
163041
161929
164443
162359
163345
55060
15224
18379
15850
3170
8300
2022
7863
6017
42418
7484
362276
9808
9224
45342
77375
40443
59518
114180
125114
43226
42702
42696
89010
89937
88421
42696
42820
42894
42696
32729
33105
32813
32649
251042
41005
35068
185102
186386
17608
103218
165772
54751
158136
159878
40273
42351
93129
103445
53486
52561
43490
273501
271182
271088
273224
2715
2471
2522
2479
2631
4196
13296
1335
3999
2601
2560
2928
10864
10884
17861
43516
42395
43478
43679
44872
47881
53717
50636
43982
49894
76972
75380
50346
42979
53431
49286
59265
46895
47880
50127
59337
51884
98136
53935
48670
34742
7470
14924
5620
2748
7367
372707
2506
12286
2748
2832
5625
5211
8216
3038
28487
49167
161140
39235
72697
33697
167231
166423
234900
44601
168929
169936
93843
54990
46570
55524
92618
46600
74073
52689
75462
17119
75680
93577
80650
52684
93139
52924
45858
49768
45858
58308
73752
38071
39640
42282
1361
1208707
2194
2226
2384
2230
2240
2308
2247
2164
2723
2755
2623
2645
2468
2568
2861
2712
2608
2130
1474
3060
2782
2684
2355
2750
1845
1856
2002
1280
2589
58566
11163
1939
73787
137448
11919
7535
9518
2397
2414
2718
2387
9419
7461
2297
2054
5124
6379
12795
9148
4224
7747
6608
4678
128058
7268
40556
51802
162308
7190
7929
60497
168272
39616
163201
40749
38890
154938
75147
42201
8506
2683
7788
9310
45306
3782
5642
43788
89817
2364
2803
5162
2720
2583
350731
2409
9369
2264
2262
22825
22884
22240
21697
22179
166634
170650
168993
108050
169621
5224
41918
41760
4456
157855
41224
1862
1798
2000
6400
49822
50605
43277
43223
43773
27709
158081
6813
2749
50740
72728
139681
30745
30556
7624
7653
10913
180219
45260
10644
34396
31987
32409
36202
44911
146203
3387
8246
2903
36278
38773
10908
76012
133492
50082
42429
52496
52501
53623
40008
181570
44268
44570
47564
87662
39215
50558
162151
162415
25905
26502
24320
66507
4998
39949
42685
32477
32393
29952
30446
29513
7506
2759
11648
234670
175206
6775
149813
2767
8884
4639
40765
70679
3991
45206
44513
172345
198190
191983
216121
174830
246290
244840
223935
240761
246390
241654
229501
241147
3935
8904
2742
177907
8798
4676
4222
7299
5748
9859
7961
7527
7402
7282
7253
7277
7149
115510
92580
47898
54167
93686
44929
45285
44536
52726
78302
41857
52738
52738
66611
57804
52077
69165
12162
8946
6434
4388
4268
9778
694
160985
5372
5157
5055
5294
5372
5309
5333
5349
4994
4970
4697
5159
5167
4987
5153
5040
5243
4899
5213
4754
5136
61626
30161
171975
32995
43977
44163
40395
41283
39631
32826
134973
50657
149268
49658
58390
60190
44024
56168
42147
35284
37219
35948
37429
38067
38555
2220
26559
51257
51591
41077
37631
41655
40291
4850
28093
59132
157458
41841
58608
208501
6219
2749
8525
8938
9112
589068
7753
10588
11672
4752
4877
5060
5014
8126
134073
9585
2636
2621
43557
7342
13320
5547
5850
6009
5818
142900
10056
2905
28170
41981
5166
40605
41697
41335
147443
16113
5050
4662
15207
23635
19406
19293
21004
26054
9850
10193
11308
11238
9875
9220
9018
4822
5414
1130
10562
123490
44623
51099
47405
39902
5857
8155
53432
60526
6205
48941
56439
59346
157034
54894
50552
164870
35129
30077
33507
78145
51606
53263
57155
5845
5945
41087
66182
167034
42641
91212
18023
112523
7018
6861
8532
43428
2751
92338
39790
35209
69396
47079
59779
62030
60332
60160
40493
37252
37761
37848
36805
38900
37847
39046
37969
53333
10025
9070
175360
5371
6252
327147
7805
2757
10744
224064
5108
117842
60973
37817
38411
39522
40785
45985
99517
10623
28363
10493
13202
7599
11599
64149
4580
7688
24648
11540
6856
2953
7382
9154
11035
7612
11112
12395
11058
12469
4998
6969
6589
6877
8175
10817
10084
10128
12648
9888
12996
9925
10973
11959
9599
10177
10256
8805
9054
2584
4282
3950
2544
2785
3003
2962
2417
4527
3761
4198
2624
3790
3537
3244
3610
2677
2317
2816
2687
2881
3906
4035
3220
3168
4491
9211
9973
9974
9528
9521
9840
4208
9149
9895
7349
7273
6313
6729
8854
9396
8626
13842
9245
9780
9484
10676
10929
10342
10456
10897
9450
9029
10859
9928
8621
7981
10608
8221
8546
9234
9110
8466
8733
9186
8839
9983
10091
8817
9176
9665
9864
9410
9559
9460
6040
8887
8955
9206
9376
6214
9261
9166
8943
8711
6098
9153
8920
9382
8407
9888
7599
10149
10278
9949
10040
8697
10546
8518
8411
9096
9416
8818
9113
8507
8334
8647
8918
9233
10121
7826
8407
9338
9214
9348
9502
9107
8658
10108
8729
9352
9273
7927
7822
9386
9953
8143
9188
11435
8677
9632
9364
10613
9323
6503
8628
8702
4376
7927
10551
12016
10714
9404
9663
9751
12772
6969
12483
8870
8351
8045
11457
10355
3675
8879
9395
9110
8487
12524
8923
4797
4902
5074
3799
3679
3570
3507
3474
3458
4963
3559
2930
2971
4177
3092
4180
3023
3995
2729
3164
4536
4288
4484
5222
4711
4496
4560
9538
3518
6096
9621
4145
4836
5037
6097
4473
5160
3325
4822
5363
5440
5695
3737
5029
5201
3611
3891
3343
4382
6618
6381
4755
5040
4971
4632
4629
4740
4423
4581
3714
5094
4130
4570
4716
4692
4409
4221
5197
5218
5420
9086
5448
8223
4925
5795
9103
8712
8375
9512
9481
9743
3919
10473
3229
4823
3685
3964
8729
8158
8031
8774
8410
9296
9551
10610
7171
9316
8923
9182
8489
8266
8685
8652
5278
4863
6056
3008
3776
3631
3675
3456
3639
3570
3791
4084
3051
3015
4964
3932
3608
4067
3694
3929
3540
3875
4427
4230
6844
9339
9356
9539
9828
6784
11280
10107
11668
13741
11332
11670
8860
13161
12513
2073
2730
7691
13000
13072
13693
7594
5933
7736
4779
9073
8848
8267
13109
5917
6288
9074
2012
4971
10283
11177
10892
12877
16196
13517
5313
3992
2469
2872
2835
2252
2275
2677
2892
2592
2247
2226
2375
2816
2981
2664
4007
4380
3034
8313
14440
11349
4035
10126
10046
9596
9820
12535
12044
9555
10327
10903
4560
4250
4775
4551
4792
4772
4886
5394
4928
5117
5032
9635
8307
8974
9598
8848
9435
9910
9100
10234
9478
9147
8382
9311
8253
8358
9235
8938
10184
10061
10308
6111
8584
7696
9658
9185
9266
9856
9789
9836
8821
8604
8842
8964
9129
9758
9565
10908
10188
10106
9702
9773
8763
11297
8905
12566
13389
11022
9795
10129
9145
9035
8747
9487
8681
8840
8882
9158
8941
11931
12379
10857
11079
9614
10429
11260
11507
10912
10959
10123
11218
8961
9440
9186
9668
6021
10315
11081
8799
4213
6083
11834
10841
12303
10003
9614
13776
3936
2850
2803
2543
2750
2566
3049
3113
3226
3252
4288
3152
3076
3119
2223
3284
3211
3344
3164
3237
5221
3215
3179
3325
3057
3342
3447
2841
2585
2768
2802
2787
2791
2645
2718
2748
2642
2721
2654
2767
3250
2892
2662
2721
2782
8601
9763
9528
9037
9650
19864
9487
9660
9177
5430
3851
2724
2495
5904
4303
4000
4401
3717
4059
4917
5510
4854
4633
4268
3196
2613
4209
2286
2209
2539
2550
3663
2328
4264
3477
4193
5703
4168
5516
3628
6453
3833
3498
3668
5102
3085
3770
5082
4326
3501
7081
5336
6293
5859
6754
6761
7552
7198
4958
7804
6659
5595
7505
3615
4431
4130
9141
6206
8318
10423
13549
9481
11189
10650
10072
14639
9480
10976
5804
6041
5682
10069
7949
11157
10445
8772
11270
3643
4650
9301
9596
8342
8518
8978
9058
8903
7388
8673
7418
8114
2863
3332
3216
2934
3181
3446
3557
2981
3815
2585
3284
4557
2566
5094
2308
4175
3705
3108
4369
4981
7192
10153
10194
9166
8687
9324
15783
9839
10233
10019
9893
8739
10120
10297
6235
4371
3209
3375
2982
1684
2281
8922
8281
9081
7849
9077
10360
9272
8352
8860
8658
8831
10076
8675
9126
3593
2824
3090
13283
12384
7548
2758
2704
9854
12155
2799
3718
2791
2781
6891
10183
11938
11560
7447
11119
8664
9887
9291
10528
9716
10962
12441
11515
10025
2583
2781
3319
1793
1790
2723
2702
9155
10000
10236
8837
8467
10033
7484
9299
9041
3259
2571
9247
3348
4118
3908
5321
4752
8033
5635
11290
6570
5077
8943
10481
8377
4778
8691
9309
8926
7652
10162
2642
2716
4234
3959
3206
2768
4228
8804
9142
7094
9025
9458
8951
8610
6372
8127
6682
10153
8895
8476
7620
8890
9223
8778
8464
9287
8091
10012
9463
8452
8678
9319
8465
9865
9667
9763
8215
9345
8752
7966
7810
7396
10856
9581
10473
8235
9550
8916
9166
12660
8991
9388
7500
9549
8783
9171
3195
10472
8636
8524
10378
9997
10445
4225
2748
2841
2961
2841
4443
4931
4884
5144
4739
4467
2696
3883
2945
2847
5558
4112
5659
2790
4683
4947
8000
4635
6003
6271
14984
2972
12209
9876
9956
10182
11748
9096
16121
3042
10310
12965
11226
3491
9939
9952
11094
9733
12473
2976
2714
15441
4975
4571
4605
6718
7404
10232
2836
10644
9305
10655
17562
12548
8197
10305
9421
11652
11448
10647
2696
6216
4059
9961
11374
11330
11743
6527
9314
11525
9547
11731
7977
3243
30353
9558
3226
2629
8824
279845
33562
5186
1365
2791
4284
37033
155053
12230
12839
9756
7835
7915
8051
7567
7401
40551
40751
46077
84303
51131
15444
37496
3256
7414
41854
4044
2143
4668
9591
8497
8856
9570
11379
10845
3970
14130
2738
1347
12774
10140
8999
9997
118537
2464
40721
59782
41116
40163
18222
395405
40995
44609
41402
41642
168266
43121
42042
42771
57647
19063
156430
44018
44970
39300
46717
44094
44234
40525
288858
8566
43922
10017
239276
4100
2760
7533
173861
4534
2208
2182
2196
2243
4729
4576
4742
20070
19979
20074
12730
3439
7033
6981
2601
2813
6564
3880
2780
2784
10866
8422
7615
9506
9111
7903
9748
376207
6612
7746
10519
8882
8335
8630
18546
59097
157665
76041
76621
18275
259700
1228
40578
43211
9426
1587
3156
2055
1805
7869
7475
8399
7444
7317
13221
7203
35100
33540
3867
4242
1707
1689
6712
6640
39906
147544
357154
43337
10897
5953
9555
7964
1873
2850
60362
27682
3018
15684
14953
15411
15370
9503
9834
15098
5269
75764
6125
47718
167773
168188
77874
44245
84419
45415
107263
125658
132949
62054
60551
128179
27203
74325
42371
43516
13389
5688
2735
9403
10646
10026
34730
11798
54836
41308
186570
54319
41289
50526
57839
35653
34580
34932
35966
36168
35444
38139
37235
34292
35843
33284
34019
35025
35663
34507
34907
37715
36298
35395
37202
36164
35988
35921
34123
37594
35786
35688
36931
35835
34469
36979
35211
35535
35256
11181
11068
11202
11121
11103
11019
13038
15764
13196
11482
11287
10869
10735
9580
7398
9998
5979
7326
47657
17253
5879
6407
4491
8372
10881
5225
144974
8280
6386
5050
5860
130138
15010
996
1009
1022
1010
1003
5070
11034
231255
368
164706
129454
4562
21684
20222
8259
45888
27206
60618
21054
62020
40409
8019
30189
87646
19089
261365
49088
58279
166442
40184
5921
5889
5898
5877
9126
20414
174231
53085
48596
44549
113299
111671
111671
2277
14964
41344
39693
2389
3420
6244
3383
2197
2220
2224
2288
2187
2199
2125
2290
2193
2145
2190
2253
2172
2250
2205
2230
2155
2185
2140
2209
2234
2196
2234
2272
2232
12706
13222
14545
8349
33452
107439
101818
2199
2211
2231
29923
29812
12674
7570
7656
7406
7563
7399
6929
7810
2971
8174
124688
207914
8541
1688
2379
1746
1760
1844
1809
673
662
733
682
9428
11877
2094
1880
1944
2069
4877
10513
6855
8096
7215
6580
6656
2153
1998
9969
170496
53092
38670
9445
14926
14931
15017
4962
5819
1902
1971
309157
62978
278136
15180
50564
39707
37287
171175
172450
2572
6363
6363
11470
13297
10867
9324
9176
11503
2709
2857
2968
3367
2100
1819
1387
1371
1353
1351
1359
1351
1359
1350
1338
156281
1377
1346
1348
19043
7349
6867
7438
13766
2603
2119
2105
2757
2843
8136
7279
58405
91159
30413
5183
5189
10843
12614
31481
45373
40469
61318
49797
58739
62236
76315
60321
61882
61208
46854
48699
70707
58247
77031
40353
39122
60137
58839
44045
58238
59879
61761
46484
61594
58150
76075
60934
7476
40879
40598
41208
41514
32399
8804
8810
7462
6295
8029
8080
7996
7676
7582
2745
1908
2653
1928
2059
2185
5144
8703
8612
3925
1942
2343
18168
2240
2238
2204
5228
4105
3081
10232
10152
9283
9851
12102
11851
11900
3024
5772
6930
2784
110901
2746
7194
4832
2629
13168
2585
3174
304
19105
7496
167212
45385
1473573
9780
9174
25032
26061
55735
131976
131086
133486
133047
133710
204930
120295
60746
229929
39803
42425
44597
59100
49090
59087
40048
39064
39216
276025
45423
45175
143349
490380
58966
58059
57401
58208
59084
49808
50930
56076
53366
50283
47612
45389
50514
87575
90092
166002
168112
42701
48262
50403
47647
87570
166283
167678
121986
120622
22434
22029
22242
21562
21980
21704
22185
44638
1385869
18848
1221
8218
7600
3278
204055
200223
2746
2373
2196
2238
2782
10187
235108
162422
58387
11988
50910
2786
2764
6203
29953
43012
61644
49807
3776
29203
30072
30945
29557
29668
30339
31049
30247
2611
45428
50774
59947
56418
55765
164254
57789
54513
139262
45585
142974
5215
5249
5016
5082
354
40955
66189
94005
32895
28721
30401
30989
27948
32458
32529
30926
32555
31819
30852
31014
31883
28917
31123
31508
29306
26874
30690
8681
1342
2752
41712
41081
41598
4375
1350
13156
7543
1337
62874
66291
66789
8082
545
8530
166748
165695
5086
4914
5176
93296
38421
1790
30134
165809
11624
1334
8838
49372
50602
50483
50574
145162
42518
47760
65847
70373
279696
147659
39628
43060
48288
47866
159323
2213
2270
44260
43237
43571
40142
106185
40657
35936
36773
36884
34328
34059
35283
65869
60237
66251
53545
46732
156514
51809
51575
57437
56125
40060
167359
96542
10311
7446
44798
43891
72444
42686
47797
16523
44829
54867
77354
46042
43779
47409
52879
43886
43940
67383
67743
66392
44408
42475
50552
59128
104329
45814
43416
1361
59715
70211
112225
67498
47868
7350
1367
1342
3278
2739
31393
27102
7373
13220
3230
2735
2741
1771
1741
1818
1377
11336
4935
12949
7507
2571
2581
2892
1005
5949
109717
354378
39034
40694
40075
38391
44530
43193
7145
7396
39688
20949
48659
4880
4726
5038
39919
111103
41567
139069
158639
48803
78891
50316
221116
145759
30132
29454
45221
45177
46094
112307
147790
159631
157281
161502
5890
3433
2561
2505
2379
2325
2605
9932
4322
2854
9646
23219
9552
4146
5343
5850
5681
1035
7215
7131
7167
7119
6994
7009
7173
7102
6985
155555
4990
2880
2255
7864
8145
9660
9560
3453
3453
293123
142567
47820
87196
41730
42650
112127
44603
42551
41872
49299
42890
41135
44283
84916
87609
272458
2873
20106
6692
668031
167812
163825
50249
45621
38576
45780
44823
45878
6532
2887
2871
2912
2019
2002
2454
3208
3198
3197
3223
3187
3175
3198
3187
3230
3223
3257
41593
45263
167849
9130
3356
45111
40945
3333
3478
3443
3433
3408
3412
3411
3423
3394
38253
41169
41297
170764
237722
9693
51894
61716
49573
48211
34075
36636
54286
54725
58391
39485
41131
42276
39778
40611
40035
37880
41489
45495
76622
158143
81076
134272
183261
41820
6245
5656
8620
17603
51509
46305
50013
2192
2717
2194
1811
7502
7392
7677
7836
7682
7658
181035
10910
156801
44349
168403
32575
76889
75687
45909
57159
50832
40923
45936
74895
41651
167076
39482
59214
47953
76008
67527
68869
127084
56341
141124
78646
79221
139450
8051
14432
38823
45058
43184
4743
58842
15896
40366
41934
41525
9702
5515
14814
11518
13841
381277
2750
2871
2857
2806
2795
2734
2701
2773
12434
41832
170121
58230
89910
6310
6303
4947
3243
3394
3387
3389
113971
7510
11395
11465
1371
175437
9221
7321
14958
3412
17357
2740
2798
2974
2963
7390
7372
60143
61535
138896
8971
8806
6373
3977
15408
8071
82931
164037
9228
39752
45135
39307
10663
39640
39403
43511
66095
43133
61437
73679
10584
46195
46503
144311
41178
11774
3187
1838258
2003191
2077288
37757
34083
61564
76335
52856
60031
60908
55178
52743
172614
8138
11919
10198
11699
8806
17034
2156
2222
2220
2152
1778
4432
3173
3161
5329
1098002
136380
60030
42250
9218
9196
8049
7994
8318
7504
7400
7969
8173
8343
7471
8332
7790
7965
7871
7947
8591
8084
14939
10882
30859
29409
5301
6305
6403
6627
6761
15301
13162
18410
18239
16560
21523
15326
15043
17221
14280
8989
10625
10385
13706
17940
17220
20148
8890
3687
4978
16159
50006
149229
142978
39964
57737
51594
46833
17451
42655
42139
17362
52618
61808
56515
1516267
51818
9811
7567
5397
5491
5420
5494
4894
5368
5227
160766
7644
115739
151671
42145
1899
14486
7312
44716
44205
7726
6453
8170
1277
1252
1276
1295
1264
1259
3743
19936
6052
57797
54356
57742
286783
40484
39699
175774
40552
74509
61939
50354
170531
164366
165549
172379
2568
74361
40822
42696
164983
165795
46585
45756
45779
46644
3182
1702
2740
1355
14623
11835
40930
1096
1100
1093
1127
9467
7454
7702
7333
555
2600
2758
2807
2742
2609
2590
2629
2608
2638
2767
11557
5052
1900
1351
1334
1367
1370
1300
1396
1311
1384
1354
7321
7085
2229
2575
2580
11649
5172
5284
1479
1306
1361
3260
3138
2408
2459
2460
2471
2459
7092
9202
5273
5695
5677
5736
6719
33945
5723
5612
3962
6219
2565
2516
2582
2575
2609
2640
2532
2485
2529
2651
2589
2684
2495
2403
2590
2603
2601
2477
2564
2530
2479
9837
9622
12118
7264
13220
11954
13072
12957
12983
12212
11684
13246
12258
11744
11764
12041
9345
9292
5234
5215
5338
5018
5327
4700
4825
5034
10142
6818
6001
4339
4449
5069
5091
40934
1369
4219
1349
21527
19275
49372
8261
17961
40789
40836
49808
166487
75929
51393
97757
101665
54065
52304
61670
38684
61769
62312
41793
53912
59815
54685
46717
56362
58074
51633
46133
5322
2749
39878
110964
7510
7407
14663
166083
7285
2730
7188
6453
39695
221923
8536
15763
150925
44526
50129
266532
46653
16604
67118
43758
56708
55572
54148
54189
47921
46807
40914
6564
2739
8684
2180
5461
65554
1361
5318
8213
2691
2766
166848
5541
7456
74675
74830
59549
61382
59111
59573
2483
6735
10252
8448
3482
3253
3960
1413
2159
2162
2141
2249
2175
2134
2142
2104
2188
2121
2309
2211
2201
5497
5398
5360
5004
4892
4662
6434
5312
3028
2826
6357
2707
6519
6233
2123
2106
2125
2122
2205
12842
43468
42439
112582
110926
110664
157013
112564
111999
110091
116832
110926
111447
2964
9450
2442
39825
49788
47393
166130
168695
68270
42858
41775
8896
4993
116729
38675
38526
55774
40769
37947
40448
43126
2394
2028
2127
2046
164715
40833
60430
53420
52195
52531
67081
51265
125726
130473
17450
60494
58297
59540
58120
17349
57542
58695
67234
58755
58767
68389
57822
57847
39448
43950
57448
64827
7985
11920
5407
5224
4995
4832
171911
50339
147890
244950
61401
7107
8809
15205
39906
181082
72821
39883
38821
43504
45999
43184
49292
42735
5281
165975
40387
46454
158250
50316
42969
41969
2774
40236
41059
41219
2458
2197
2293
2070
2296
61129
58731
69471
43077
42248
153268
30930
47116
46835
37011
46148
261658
253323
40131
35906
7621
64105
17452
70183
63874
133886
133007
220934
322272
308141
317489
90490
72658
57955
53058
57001
131909
133195
5631
5839
2195
2125
2528
1671
2557
17161
6278
1769
1991
2344
2199
3226
2546
1997
2103
2010
2093
2040
2290
2494
2054
2309
1905
2321
1987
2125
2232
1860
1937
2217
1889
1995
2127
2174
2244
2176
9769
3885
2077
9952
7876
8051
7424
7126
49861
46888
41706
44205
44333
160330
59925
64370
67359
58677
58301
59482
57754
58962
57526
58604
50547
41394
44609
67773
67802
61703
51029
155886
57861
69867
131250
38122
38255
38223
38579
39020
39676
154811
157630
39382
166560
112106
49468
50132
49344
57555
75813
53085
59215
55668
43099
58701
58078
58098
61395
58009
129015
52628
42262
43110
41581
46905
30742
102679
5745
2790
11170
2738
9002
8139
115728
5422
37311
1134
6348
10310
10319
11155
11231
5415
10609
2066
2224
2645
8225
8300
9838
2112
2887
21710
21458
21834
21906
22703
21749
22220
9866
9437
9434
7863
65905
63971
102789
103628
104354
42330
25722
38396
58197
137973
140527
68472
149506
68626
68190
56214
41752
42311
11891
168084
104410
42067
71020
66808
58569
69448
43733
45185
49665
8843
109515
74437
162630
54473
17491
58106
40725
149090
11142
152770
11291
8393
8977
4554
58476
114274
4442
12626
19046
15322
3554
4382
3601
40441
40729
40651
44364
43686
42818
9556
169604
39648
17320
90743
6060
31978
167544
46667
39551
39266
12895
9529
507
166590
13721
7466
10836
2802
1706
2747
2748
2945
13469
7292
7408
7935
37598
35928
35920
36827
36333
38840
42019
34096
34790
40037
34355
37028
39069
35353
34912
39384
36876
35543
38383
37005
35697
40404
35715
38531
37080
38258
36576
39965
36011
37281
34759
37303
34022
36350
36490
35299
36471
36775
34277
42622
255356
49427
51476
53234
56481
156554
58528
160590
34821
36250
35056
35382
36587
35913
34289
32106
34825
35153
37222
31738
33953
37181
34556
34276
33930
35443
34999
1711
28045
70408
94315
93975
155297
45049
59878
48285
43264
12313
9214
3406
159398
40844
15840
38802
14927
49447
43113
43706
38317
15771
42577
41165
52490
43440
38449
42378
15013
44103
53867
43182
43206
39928
69660
58423
18212
166040
30791
2812
12430
13875
213743
9784
45881
167803
7967
7106
7679
8620
6208
8625
2480
1886
2046
2803
2997
114275
14670
14885
43446
39767
145127
37152
111851
72217
35189
58474
57880
57312
59136
57472
59495
57973
57572
76358
57916
58281
17700
66915
32092
36836
35917
42363
59306
60311
59093
19679
19428
113760
11018
2528
154465
37729
12595
11921
59833
43094
92319
43945
42042
45803
53001
128338
41823
41126
40539
43357
51628
58079
43310
44013
43402
43825
43724
10071
7382
11010
10739
11035
10758
10961
7301
7281
13398
9550
42565
41515
40352
38080
33245
34785
12769
28128
43513
58899
48836
34025
20424
11519
42093
15270
40530
41149
40147
11705
48195
49579
50048
50800
50865
51811
51821
1333
2734
2388
2616
12185
2865
2507
66220
39793
44251
43496
36776
43850
46784
53215
70030
53467
48229
83219
51170
2523
2504
2568
2455
2526
2528
12096
92558
169215
46907
160627
80919
53377
78071
155101
38820
59655
58666
36213
18266
71059
27180
26357
26865
21750
32312
31374
40898
168223
49106
6253
6648
6641
7171
5969
12370
9069
14211
3507
2708
2496
18742
116726
167826
167728
168828
237307
76485
58069
46463
50341
153772
151100
6089
42439
38059
9296
9368
9944
46553
60218
62558
61343
55119
67662
112496
110377
74710
41024
242446
120120
168756
169650
164987
168670
28967
45904
47082
45536
51739
71283
72472
158607
151194
77307
61600
66086
7557
25068
78314
153811
107063
77174
154206
18277
78126
207623
77869
206821
152762
45108
5964
43029
33839
39086
32302
34141
38322
39642
42261
61073
65218
55829
42954
50632
41578
41267
62293
136608
136442
140816
8112
13625
1900
52024
60989
48424
51300
44842
53594
50693
73210
58930
75687
135653
7825
4214
5810
13875
2145
7592
39536
3871
4262
4482
43372
305260
130914
223950
49370
50381
263735
262653
158755
6454
91510
54579
60228
41988
54611
50346
42430
50062
50374
40987
88403
43630
2855
2607
92730
45424
12521
12265
18737
18818
18415
17966
18136
18286
17927
18186
43264
9816
224680
11563
1873
6829
6296
159862
3411
68621
62853
43878
146618
145400
3128
2842
2804
2421
2550
2561
2487
2362
2300
2479
986
990
2754
11472
8192
17412
14904
15954
17262
16236
15480
15342
15192
15312
15438
7663
2764
6966
2760
2754
4576
6176
15646
15384
4991
6028
1753
1758
5095
5090
5096
164540
160358
2772
2757
2755
1359
3316
40058
276734
49482
53965
41147
40599
42882
18251
122563
42291
41912
45367
43470
4982
65415
65737
10041
6992
14043
8298
2218
437255
37429
44851
49952
44605
15675
54307
114080
44283
80342
84608
28539
2752
128241
128602
90435
3056
16223
114174
150830
41500
53453
50678
2597
12081
51483
50187
59454
41814
45680
54381
49847
52438
53494
49780
47229
4283
2736
44739
44877
4123
7601
2154
2213
2236
2242
2153
2211
2185
2121
33807
44219
36396
121089
166176
2003
41303
48395
49045
49916
49935
50241
42541
2200
2280
2255
2202
2177
2054
2171
2198
2239
2099
2257
2183
2206
53932
48608
2273
2172
2250
2265
2160
2358
2195
2257
2107
2129
2136
2150
2326
2184
2167
2237
2204
144685
58758
2338
8384
2290
2131
2181
2182
2195
2217
2226
27636
6784
9843
36652
91394
3520
2659
3607
2976
2749
2852
2848
2857
2276
2936
2793
2876
2844
2593
3030
168532
273933
45346
42414
49990
49935
60626
122963
43233
42249
58650
59514
59448
58972
76261
47716
228827
43143
60899
58718
40317
44104
44381
45644
67086
42846
67311
59022
42396
49798
56714
132977
115893
102915
138690
124279
2588
49526
110466
52329
79429
157741
73168
62668
12117
66657
128289
54396
41670
90669
120106
54000
48382
41692
42562
50293
50493
53981
260310
101390
61426
97408
97988
73834
73898
73413
74096
74744
167247
51854
170740
58690
53136
17508
58287
77394
59122
47618
51789
57306
75943
55945
43943
49660
112513
45126
51668
45751
60468
59400
47735
61248
61219
42129
42169
55366
55957
56033
136361
39535
54438
51780
51487
50713
52866
42859
20083
221431
237367
48939
36032
9446
31834
60628
107763
152926
30164
41392
156329
31123
2435
2595
2650
238099
58397
62716
259831
52288
262372
52615
48201
121350
69021
50513
51182
131234
51631
161583
15948
122075
60056
68745
76239
43314
49890
172763
44342
40093
3146
13295
2713
2850
2881
111039
1591
1606
70678
53975
144008
9525
133999
5155
12754
8009
10988
1889
2792
9092
4100
3767
2580
3176
2760
3820
3409
3389
4104
3223
4557
5234
11272
75239
68762
45507
67785
67813
47680
66892
67485
49604
52202
61222
77566
61772
38341
44998
54301
50415
77876
48540
62192
60757
59969
53011
129136
10776
10710
5959
18371
2516
2497
8379
8422
15277
1336
36206
14102
2826
52581
57805
111636
76964
301543
147321
46276
45238
6117
52401
167547
159365
61544
48883
82302
114986
15025
50782
113685
27209
2923
4955
42894
43129
35595
4425
4116
2546
141537
75873
1897
2161
2086
2199
7477
128587
7779
4175
4631
60975
21006
47844
9645
27163
12571
16914
11561
6821
8869
53392
17711
159961
1350
12659
52466
54857
45810
48948
58924
60978
59727
71552
61464
9621
9631
7180
45043
48198
53155
64714
47306
38850
115454
59449
59759
41531
5096
47407
110775
41757
11880
77514
75606
133090
66184
17426
57666
58027
59268
12783
68059
79328
57909
92467
172360
60205
60278
91072
60531
58844
48123
59268
59761
136319
61623
68155
54347
17385
53352
55210
53496
49075
58824
51800
49937
55189
59478
58150
71538
58136
53277
1787
58277
57567
39701
33851
4269
30104
18466
18932
45171
56734
75007
55830
31050
123023
29075
32697
28396
26526
5338
4001
158577
4102
58536
50485
43221
75087
51052
68021
70992
17003
237509
11251
253367
166210
4428
4348
4373
45510
7311
21078
22410
21869
21746
20751
20030
22109
30832
30162
27642
29652
29218
32653
29340
29925
25327
22405
23281
22099
21629
13764
1988
14028
11177
49835
152427
148842
41608
45251
16784
21129
65195
77554
43134
37639
31200
32684
34525
165429
168903
176788
165890
36717
44385
108853
108065
63649
42526
43604
48502
53812
35099
39732
40751
44899
43457
38013
56852
22172
39807
43075
30624
45566
1853
7112
7278
15307
36524
8529
7479
7553
11583
12756
1770
47604
10846
69061
53598
48783
44507
49169
49316
55686
55691
70668
51679
69897
71419
76083
34751
34711
38028
39262
39039
43236
38268
38385
38527
38501
38134
38214
39365
38502
40542
36912
10061
165151
165927
167922
164746
63743
148180
156170
58573
2895
2578
2575
2546
2522
2521
2518
2500
2489
2489
2470
2696
2438
2420
2393
2386
2347
2339
2329
2315
3729
2404
2548
2434
2357
2352
2336
2315
2545
2215
2206
2170
2135
2884
2736
2668
2475
2451
2412
2746
2408
2308
2823
2748
2577
2568
2556
2496
2493
2363
2697
2259
2366
2863
2851
2697
2553
2515
2505
2462
2685
2427
2338
2339
2327
2291
2270
2247
2240
2193
2101
2645
3000
2352
3324
3111
3103
3060
2889
2778
2660
2579
2618
2522
49477
13163
166330
167948
28169
6643
6222
2879
4427
121750
168241
174924
43444
48916
46660
51662
147009
149335
50732
45256
51154
51643
52092
49530
48613
50971
44417
44443
146307
151514
144998
46017
51014
51627
51012
51277
150473
51111
150947
50709
45207
50168
29903
2892
8203
166833
167892
165017
9444
6179
158892
160400
296707
54417
1375
92122
158087
92760
152435
42622
37783
56391
211086
11512
7460
2156
2191
2945
45385
77221
60222
58678
61027
93030
2570
3067
9234
99494
2313
51347
77187
76899
158706
62354
41227
90710
126550
166579
18655
6138
12443
118452
73345
18899
18635
46623
53692
16302
15369
52018
41594
126614
48399
127551
151015
11569
114059
157920
112477
156130
52767
41993
109539
43193
43605
157254
43985
110183
112117
42375
159128
158230
109372
113503
158905
43203
143249
112006
42124
42879
51048
41598
40748
52464
14961
7296
1944
2122
2075
2207
2214
2015
49043
9852
2549
7794
12149
5386
2510
32090
31194
39179
33041
37583
9081
167516
165795
167484
10933
10940
2441
13969
2603
167040
167069
65680
65797
64021
42788
65629
56147
64096
85669
85371
65852
66295
60746
4526
2805
1970
2222
2216
2173
2142
2189
2160
2183
2534
2532
2442
2608
2528
2419
13949
5112
5464
5236
74196
54982
62420
75576
151073
44763
44086
44153
60418
43872
31118
168642
168638
33007
54442
58368
17049
57731
41522
62153
62067
50643
132885
58460
47895
41448
316
46435
56163
61736
35275
13069
10066
23666
20269
26097
17602
18212
10002
8885
41658
7127
11441
4315
5224
9974
126552
45204
8354
8349
6313
7881
13722
17631
9875
9211
9817
5185
2430
2850
2898
2877
2484
2428
2493
2837
3561
3286
2861
3376
2697
2100
31809
32336
31096
126504
127019
126683
127684
21781
37566
38137
37129
128425
4225
3787
2054
6178
6187
6326
6659
3056
3763
13392
44924
133697
2204
2171
2108
2198
11542
49395
48829
47545
2804
10895
43552
44705
43444
43698
42127
41987
40564
42399
41803
42564
37553
40866
13299
2218
2745
2833
2680
46561
78078
75646
59618
44825
52987
61691
60393
59846
59979
43089
43746
59501
58928
57664
17510
53399
41278
42382
40580
65918
151202
57764
17442
53702
54814
37409
44904
53254
40298
72979
47186
43978
78833
43175
42624
37547
124695
124169
53385
39649
6450
10121
14666
6724
13833
9795
11217
42439
15948
2047
58916
10183
47483
43747
41608
44033
41850
7540
168410
170054
167600
72896
1671
4620
59078
9491
8645
90187
5216
9318
2598
2385
2326
26863
12292
16992
31806
5201
5041
4903
5352
5047
7556
36616
31202
40629
48245
18477
44938
44079
58203
48397
4382
4302
4387
4323
83601
46391
44222
44834
44732
46321
43597
55171
57085
57352
39744
58603
60898
61164
58352
39161
9634
116875
2667
7317
60727
60924
39195
49833
76821
83412
82356
47166
53622
51268
58176
60042
57430
61945
156354
43471
53473
60127
58364
41417
69258
44723
43947
44391
43760
127227
265389
86301
6847
44612
156186
156502
8624
8496
8866
17189
18925
2713
1788
2931
1876
2093
2092
2102
7333
2455
5429
19113
12836
76058
54974
55471
57984
130666
42452
51956
44942
38038
43707
253383
50272
48481
50834
40873
57356
10983
2087
77086
47611
14855
2342
2181
2151
41665
98826
98340
93787
101662
92600
99882
91101
99985
93559
92668
101437
89781
102434
102301
101082
98164
99212
95150
83412
92815
103665
101153
97290
100198
99168
96055
97422
103832
98557
98308
99848
101532
98095
94826
96717
98667
97886
11584
90382
7565
378379
7304
35030
9809
9903
52849
9666
8799
42624
61382
7506
47129
6608
147702
17471
54546
43100
44204
15193
53826
41200
41340
42174
41876
58166
28950
38613
42495
8845
4474
4203
6271
7768
37727
240842
5331
7160
165667
59837
57214
109434
57986
46218
187320
180224
192454
29110
44784
44895
40491
40214
39747
44793
39425
61830
35055
4219
10638
4385
4198
3746
4729
3805
3692
4110
3968
3819
4722
3768
3748
3643
4569
4060
4057
4029
4026
4015
4373
4169
4160
4156
4110
4058
4032
4004
4029
4367
4023
3935
3965
3951
3952
3940
3911
3905
3883
3857
3739
3659
3641
3581
4698
4349
4204
4382
4458
4210
3775
3671
4286
4593
4260
4182
3891
4559
4565
4380
3887
4668
4219
3896
3693
3382
4388
4262
3923
3836
3811
3713
4158
3857
3845
3678
4732
4074
3999
3976
3897
3893
3784
3760
3677
4247
4122
3788
3756
3623
4402
4060
4019
3992
3958
4108
3899
3815
4423
4679
4575
4243
4289
3767
5034
4292
4150
4038
4000
3901
3914
3882
3863
4493
4056
3958
3662
4394
4268
3944
4263
3992
4417
4092
4183
4170
4694
4303
3894
4303
4246
3951
4056
4129
4015
4006
4471
3898
3840
3838
3804
3617
3661
4280
4427
4239
4095
4061
4034
4023
3811
3994
4106
3992
3924
3872
3830
3808
3600
3969
4644
4575
4421
4312
3768
3576
4652
4215
4152
3997
3921
3841
3844
3801
3738
3964
4196
4079
4022
3966
3625
4463
4463
4299
4287
4060
4149
3951
3787
3865
3833
3720
3698
3577
4454
4395
4358
3809
4058
4035
3903
3700
4646
4348
4335
4040
3941
4067
4205
4188
4125
3846
4020
3995
3988
3984
3978
3969
3966
3877
3953
3927
3912
4386
3900
3860
3819
3752
3802
3798
4356
3786
3631
3741
3722
3722
3717
3697
3668
3605
4452
4439
4136
4016
4001
3960
3916
3840
4337
3767
4107
4047
4024
3784
3772
4254
4283
3924
4213
3806
4171
4387
3725
3697
5123
3586
4359
3970
4061
3845
4335
3843
4806
3780
4090
3453
3912
3802
4794
3787
4054
4144
3846
4407
3652
3937
3873
4194
4507
4599
3906
3855
4112
4179
3969
3870
4393
3830
3886
4133
3546
4376
3798
3757
4040
4074
3613
3827
3915
4583
3692
3714
3930
3709
3629
3612
4202
4334
4610
3553
3651
3990
3621
4012
4118
3663
3787
3664
4744
3750
3606
3992
4161
4034
4847
3981
3729
3846
4009
3719
3826
4645
4343
4245
4513
3949
4156
3846
4228
3809
3888
3740
3710
3650
4681
4084
3626
3922
3863
4509
4025
3861
3782
4025
3694
3809
4031
3911
3766
4061
3287
3694
3831
3762
3849
3533
4064
4038
3982
3788
3783
3748
3720
3714
4471
3659
3642
3611
4620
4698
4385
4133
4507
3831
3784
3779
4023
4017
3673
4408
4358
4208
4154
4090
4621
3680
3402
3556
4106
4434
4069
3553
3614
4744
4291
4549
4053
3990
3956
3952
3936
3679
4114
4026
3993
3965
3800
3742
3805
3760
4017
3861
3818
3770
4104
4083
3848
4297
4109
4361
4024
4013
3833
3836
3803
3758
3594
4266
4230
4078
3919
4002
3946
39799
13158
20336
4215
4519
9813
2250
40635
41161
40540
40337
223270
216628
196842
174670
175557
175559
44111
63364
44730
54468
8829
11987
12971
7533
12539
150892
54168
45614
93606
324
13166
12480
13392
12940
12193
12886
11740
12994
13719
11694
10920
11221
2471
43603
55006
59210
2694
40781
75106
26319
59489
8681
12361
170126
267169
43366
17056
40065
2085
13120
13131
52376
54869
52854
160410
18642
81528
60789
37578
128602
42847
42503
43125
60438
307210
76339
72623
51566
8014
13546
11682
6408
61818
58358
45431
4501
13601
2951
31537
36144
76617
15623
9651
72231
4966
4231
4087
10128
1476527
20454
16133
70823
92408
53614
13332
13165
14086
7247
18058
40883
2674
2460
28850
8907
1967
18939
45424
9841
11623
57919
50725
44281
6006
6056
3919
3162
10812
49154
41814
12965
44880
49276
44284
44354
43055
43792
2805
40542
58919
46774
1788
8200
44963
18292
44124
50433
52698
41471
42874
46684
39738
76359
65232
44887
77178
77655
8780
8412
7942
9800
6057
11112
13589
5515
13972
13118
16009
2932
5419
84560
1531
20784
108640
6408
8300
9399
9630
18530
15378
10375
11110
55145
75898
76134
69048
74519
1676
1684
1676
10718
7780
109654
16492
16992
14106
14386
11801
12564
12376
143800
160795
40163
40907
13262
12047
9591
6844
2336
50988
5499
7453
10976
10800
65690
6945
4350
53145
50309
3669
43108
44384
7622
7771
3539
42563
82521
130929
12702
12118
40731
7390
57099
56744
80361
82744
81920
3661
51780
76626
1735
1547
45806
56538
50930
7320
11145
3165
49532
47333
18290
17554
16927
41003
43627
44550
44295
43104
44882
48490
31962
73275
37078
162109
48092
73099
57866
40579
58044
45072
58377
41822
52807
74962
74717
76332
61427
5194
76631
61662
61860
63654
50707
29512
43859
47548
174783
253740
76232
165657
45288
52659
45176
45251
75747
77359
45243
75809
40166
265635
41510
57846
266939
266838
263916
265442
265146
266175
259771
265891
263237
261719
262639
7429
8050
7073
7917
7104
8289
7890
7862
8204
8122
7055
9867
53154
88657
41195
11290
43067
43141
75871
46100
73001
43018
42462
47336
13131
1723
1821
4354
48833
39791
47956
48190
47997
46281
47720
48050
51465
51940
13199
53559
10853
11828
42345
70466
76821
63301
42293
76759
61934
56593
35270
36603
75181
1971
7733
1879
1786
15073
10646
14438
17171
233234
49259
14398
56505
50354
49425
49458
113840
132068
4772
42820
43015
33349
182833
36748
47382
61847
54865
48674
36690
53325
53373
35741
37446
48177
63882
48024
48247
42415
50161
497513
49246
53104
252197
19282
49836
132562
49492
36932
41958
44240
8095
40867
42493
132662
135041
49816
41850
36407
76731
47982
53094
186095
72458
43620
42662
10798
9707
1916
1939
1806
1882
1930
1829
1846
72415
62715
62952
44559
157304
111382
46072
70153
94800
47285
5386
180500
18418
11093
49902
38002
31841
142111
31080
131522
36674
30510
32414
32582
32023
31772
32384
170318
40567
92393
59762
42600
44715
37312
73308
42318
44776
49492
45011
44804
37369
161151
164998
166879
160928
167995
44476
47816
44583
41800
48129
42