Accession n k30_s2000 k25_s2000 k21_s2000 k20_s2000 k19_s2000 k10_s2000 k21_s4000 k21_s1000 k19_s500
GCA_000149735.1 67486818 21231 21179 20766 20821 20714 910 10473 41685 83522
GCA_000318465.2 61013929 29448 29070 29002 28801 29175 1614 14559 57867 115871
GCA_000333055.2 46655703 22093 21682 21639 21281 21671 1170 10831 43008 86242
GCA_000333075.3 43050979 20909 20971 20460 20493 20684 724 10345 41019 82254
GCA_000333095.2 43528076 21136 21232 20726 20696 20856 730 10472 41497 83188
GCA_000333115.2 43469012 21121 21186 20660 20689 20825 729 10432 41403 82987
GCA_000336535.2 48308320 22949 22971 22749 22845 22665 863 11424 45624 91114
GCA_000338795.2 49640949 23414 23005 22915 22480 22823 1227 11472 45542 91220
GCA_000338815.2 47555355 22617 22228 22200 21900 22276 1187 11114 44176 88528
GCA_000340395.2 39354211 18867 18978 18863 19167 18792 804 9468 37794 75560
GCA_000439335.1 239008219 76952 72149 68192 67255 65599 3039 34241 135970 272582
GCA_000443045.1 233534499 58018 54651 52039 51319 50677 2760 26130 104180 208641
GCA_000448265.2 39977157 18177 18281 17737 17834 17982 720 8945 35540 71497
GCA_000468175.2 64646683 24742 24161 24093 23973 23739 1287 12129 47897 95894
GCA_000500205.2 53108570 23767 23314 23080 22605 23012 1098 11526 46016 92175
GCA_000500225.2 95817914 31435 30173 29350 29013 28532 1535 14784 58411 116731
GCA_000509465.1 48679260 23033 23079 23067 23041 22975 1327 11536 46255 92052
GCA_000509485.1 48045558 22770 22835 22800 22770 22708 1308 11390 45691 90963
GCA_000509505.1 48410320 23034 23075 22893 22833 22942 1323 11503 45817 91451
GCA_000509525.1 48316528 23081 22928 22915 22911 22875 1327 11469 45801 91344
GCA_000686205.4 76932016 31987 31507 30665 30508 30246 1289 15379 61086 122455
GCA_000687305.2 79961817 31124 30607 30324 29706 29523 1588 15101 60219 120506
GCA_000751395.2 59596164 27553 27000 27115 26654 26783 1626 13459 54203 108201
GCA_000785725.3 37171947 17859 18003 17489 17582 17733 694 8818 35048 70500
GCA_000785735.3 37049235 17818 17963 17404 17545 17711 693 8780 34915 70259
GCA_001278135.1 42499830 19819 19944 19735 19841 19577 832 9892 39622 79183
GCA_001278145.1 42277159 19813 19897 19633 19857 19582 831 9837 39449 79000
GCA_001278155.1 42259081 19805 19881 19688 19805 19587 832 9862 39447 79005
GCA_001278165.1 41867278 19817 19892 19751 19899 19658 839 9878 39552 79119
GCA_001278215.1 42346485 19911 20051 19802 20032 19764 831 9912 39792 79595
GCA_001278225.1 42368190 19791 19945 19679 19806 19599 828 9849 39488 78998
GCA_001278235.1 42491462 19869 19921 19728 19912 19623 824 9900 39581 79211
GCA_001314345.1 40564390 19426 19564 19289 19347 19400 1261 9608 38636 77390
GCA_001314355.1 40835483 19575 19638 19367 19403 19493 1261 9660 38764 77709
GCA_001314365.1 54365410 26190 26254 26066 26096 25895 869 13082 51942 103556
GCA_001314375.1 56277789 26661 26671 26143 26013 26261 1547 13176 52678 104981
GCA_001314425.1 54293385 25551 25441 24964 24842 25017 1537 12422 49957 100038
GCA_001314435.1 37809042 17759 17940 17828 17898 17738 607 8971 35635 71402
GCA_001314445.1 37705797 17751 17900 17822 17872 17725 605 8973 35592 71301
GCA_001314455.1 53396777 25221 25143 24667 24552 24790 1536 12256 49337 98826
GCA_001314505.1 54647042 26123 26015 26046 25873 25735 832 13056 51932 103325
GCA_001314925.1 55592035 26261 26318 25869 25712 25965 1515 13070 52035 103670
GCA_001482985.1 72309311 26503 25934 25666 25308 25429 1239 12820 51157 102036
GCA_001483015.1 82633274 25265 24869 24830 24482 24683 1201 12370 49532 98608
GCA_001707905.2 38682503 18069 18205 17576 17755 17833 717 8857 35292 71022
GCA_001712645.2 37466154 17627 17561 17427 17310 17327 699 8744 34781 69660
GCA_001712655.1 38588741 18054 18192 17581 17752 17839 717 8865 35287 70989
GCA_001712705.2 37149886 17689 17638 17487 17364 17335 703 8773 34867 69833
GCA_001712715.2 37835829 17989 18149 17546 17712 17783 716 8846 35231 70833
GCA_001933315.1 39529821 19254 18988 19016 19213 18845 1378 9485 38117 76266
GCA_001933325.1 39480448 19149 18995 19061 19137 18836 1389 9517 38129 76219
GCA_001933335.1 39360819 19306 19059 19018 19161 18934 1393 9488 38170 76368
GCA_001933345.1 39635022 19306 19048 19062 19265 18922 1398 9552 38292 76561
GCA_001933395.1 39758578 19304 19112 19149 19350 19018 1402 9561 38358 76732
GCA_001933405.1 39676326 19359 19091 19150 19323 19027 1396 9567 38301 76744
GCA_001933415.1 39681263 19284 19025 19120 19254 18903 1410 9554 38300 76624
GCA_001933455.1 39791088 19262 19119 19189 19366 18909 1390 9566 38471 76901
GCA_001933465.1 40936478 19782 19719 19652 19898 19528 1433 9780 39413 78979
GCA_001933485.1 39706000 19252 19079 19129 19285 18891 1393 9576 38362 76730
GCA_001955675.1 41279297 19889 19914 19758 20008 19737 837 9912 39577 79201
GCA_002025845.1 77935995 33431 32751 31828 31669 31329 1388 15977 63369 127176
GCA_002025925.1 75804006 32647 31977 31535 30806 30590 1622 15720 62574 125123
GCA_002215365.1 102785059 44411 43101 41607 41284 40871 1788 20944 83935 167379
GCA_002247145.1 40947641 19583 19585 19708 19420 19597 1395 9872 39073 77542
GCA_002288995.1 57309778 22401 22159 22046 21925 21548 602 11081 44001 88036
GCA_002734105.1 63589482 30311 30080 29914 29704 29647 991 14994 59538 118861
GCA_002734125.1 68920635 32778 32941 32515 32451 32299 1017 16349 64825 129329
GCA_002812785.1 38679692 18866 18919 18642 18687 18835 1223 9265 37196 74633
GCA_002911725.1 109132272 38763 37347 35443 34933 34594 1281 17827 71021 141673
GCA_002968915.1 61003228 21142 21046 20611 20643 20553 909 10377 41228 82747
GCA_003287315.1 59993950 25861 26186 25722 25557 25870 1221 12786 51562 103175
GCA_003328465.1 59784026 26244 25953 25714 25367 25605 1198 12860 51351 102319
GCA_003956735.1 70999146 22403 21921 21668 21751 21358 1559 10843 43515 87119
GCA_004137865.1 54102658 24629 24131 24084 23601 23713 820 12039 47955 95954
GCA_004137885.1 57620413 25825 25265 24839 24408 24691 865 12393 49611 99397
GCA_004137955.1 59024647 26168 25429 24930 24748 24895 877 12434 49856 99997
GCA_004137965.1 41286511 19863 19415 19570 19274 19292 687 9780 39001 77956
GCA_004137975.1 52856519 24170 23869 23642 23376 23308 810 11769 47135 94514
GCA_004138045.1 59625234 26095 25726 25233 25004 25055 877 12659 50263 100770
GCA_009732905.1 78767658 33197 32476 31919 31199 31012 1646 15868 63347 126800
GCA_009732925.1 78823164 33595 33012 32057 31824 31492 1400 16108 63859 128097
GCA_009732945.1 78890942 33244 32490 32023 31323 31062 1637 15928 63537 127142
GCA_009732985.1 79739945 33893 33235 32195 31993 31692 1398 16170 64064 128623
GCA_009733005.1 80058972 33833 33206 32245 32094 31682 1371 16178 64179 128717
GCA_009733025.1 79986607 33866 33262 32175 32012 31694 1397 16165 64037 128533
GCA_009733045.1 79240560 33743 33062 32124 31907 31608 1363 16134 63939 128221
GCA_009733065.1 79356741 33822 33176 32102 31901 31617 1392 16122 63915 128258
GCA_009733085.1 80092187 33966 33280 32198 32061 31679 1406 16160 64104 128726
GCA_009733105.1 80074095 33902 33276 32205 32014 31693 1406 16172 64085 128620
GCA_009733125.1 79795872 33858 33201 32270 32008 31661 1379 16159 64227 128749
GCA_009733145.1 78796482 33269 32563 32023 31259 31059 1644 15949 63490 127031
GCA_012295415.1 45871644 22148 21713 21756 21559 21576 1441 10856 43438 86899
GCA_012295425.1 48522115 22913 22795 22720 22483 22652 1388 11300 45413 90618
GCA_012295475.1 61904570 27908 28017 26834 27319 26903 1588 13321 54359 108841
GCA_012552325.1 233833953 49081 46471 44232 43221 42504 1950 22001 88331 176606
GCA_012656105.1 75871586 29179 28685 27908 27934 27947 1182 13891 55766 112130
GCA_012932265.1 57062630 26570 26388 25934 25660 25545 760 12871 51729 103063
GCA_016618375.1 95353620 27995 26726 26186 25610 25462 1002 13096 51836 103980
GCA_016864635.1 60638888 27163 27341 26796 26612 26809 1307 13299 53719 107384
GCA_016864665.1 61464937 27287 27417 26856 26682 26880 1301 13336 53821 107555
GCA_016864695.1 61559140 27258 27404 26845 26695 26887 1314 13331 53796 107556
GCA_016864715.1 61417994 27335 27516 26944 26748 27011 1306 13385 54029 108004
GCA_016864735.1 62334549 27784 27910 27346 27137 27362 1313 13583 54827 109565
GCA_016864755.1 61557802 27342 27420 26918 26744 26910 1309 13370 53926 107771
GCA_016864775.1 61468384 27396 27593 26965 26833 27045 1307 13397 54092 108209
GCA_016864795.1 62034011 27653 27834 27193 27036 27265 1301 13496 54599 109231
GCA_016864815.1 61438509 27271 27383 26817 26647 26851 1305 13325 53766 107471
GCA_016864835.1 61235250 27232 27409 26827 26671 26863 1302 13316 53805 107538
GCA_016864855.1 61895332 27612 27737 27197 26957 27192 1315 13499 54465 108842
GCA_016865055.1 60704655 27441 27550 27039 26860 27068 1293 13422 54234 108380
GCA_016865075.1 60473180 27232 27357 26793 26639 26854 1303 13295 53737 107438
GCA_016865085.1 60508630 27299 27472 26873 26654 26942 1302 13335 53757 107596
GCA_016865095.1 61341915 27300 27199 26632 26519 26538 1314 13312 53378 106453
GCA_016880175.1 61369471 27286 27135 26655 26530 26569 1301 13308 53417 106527
GCA_016880985.1 61228142 27255 27161 26575 26471 26516 1305 13280 53279 106348
GCA_016906365.1 62116567 27526 27819 27073 27007 27174 1303 13451 54317 108757
GCA_017309695.1 76455456 34341 34423 34059 33702 34044 1411 16908 68027 136217
GCA_018292885.1 77800034 26358 25555 25093 24778 25014 963 12495 50112 100783
GCA_018292895.1 77582640 26438 25656 25396 24963 25050 949 12727 50449 101293
GCA_018292905.1 75767690 26091 25366 25151 24811 24864 956 12524 50002 100012
GCA_018691715.1 111073614 34846 33573 32509 32102 31640 1368 16356 64752 129456
GCA_018873745.1 51221495 24647 24607 24345 24262 24498 1446 12130 48758 97643
GCA_018873755.1 52269642 24816 25235 24777 24711 24887 1157 12342 49681 99587
GCA_019155685.1 40466701 19001 18823 18794 18839 18886 671 9412 37322 75031
GCA_019155715.1 49557427 22768 22662 22565 22270 22368 1389 11216 45054 89873
GCF_000142945.1 231402766 51176 48485 45776 45010 44326 2009 22754 91527 183398
GCF_000149755.1 83630151 29823 28885 29044 28264 28279 1303 14433 57916 114901
GCF_000247585.1 83419396 25034 24818 24819 24702 24759 1410 12434 49576 98952
